4 15 11 14 13 6 10 1 2 3 5 7 8 9 12
1 9 12 3 10 13 2 4 5 6 7 8 11 14 15
3 4 13 1 14 2 5 6 7 8 9 10 11 12 15
1 11 8 14 5 13 3 15 4 2 6 7 9 10 12
1 11 8 9 14 10 12 6 2 3 4 5 7 13 15
7 8 11 13 3 12 1 15 2 4 5 6 9 10 14
7 11 2 8 13 6 10 1 3 4 5 9 12 14 15
8 11 2 12 3 9 15 5 1 4 6 7 10 13 14
13 3 12 1 4 14 2 5 6 7 8 9 10 11 15
11 2 9 15 1 5 3 4 6 7 8 10 12 13 14
4 11 15 1 12 2 3 5 6 7 8 9 10 13 14
3 11 14 15 1 10 2 4 5 6 7 8 9 12 13
4 8 14 1 2 3 5 6 7 9 10 11 12 13 15
8 11 14 7 9 5 1 2 3 4 6 10 12 13 15
7 8 11 2 3 4 1 5 6 9 10 12 13 14 15
1 11 14 5 10 13 3 6 2 4 7 8 9 12 15
12 2 8 4 9 10 1 3 5 6 7 11 13 14 15
3 12 15 7 1 2 4 5 6 8 9 10 11 13 14
3 4 13 15 10 9 1 2 5 6 7 8 11 12 14
1 2 3 4 5 6 7 8 9 10 11 12 13 14 15
