2 29 23 12 6 8 3 14 34 35 49 7 20 30 45 48 32 40 47 1 4 5 9 10 11 13 15 16 17 18 19 21 22 24 25 26 27 28 31 33 36 37 38 39 41 42 43 44 46 50
20 19 32 40 5 10 15 38 42 50 13 21 8 36 1 14 45 2 47 17 3 4 6 7 9 11 12 16 18 22 23 24 25 26 27 28 29 30 31 33 34 35 37 39 41 43 44 46 48 49
31 5 44 1 3 14 24 34 20 23 25 33 45 7 11 22 32 50 26 28 47 2 4 6 8 9 10 12 13 15 16 17 18 19 21 27 29 30 35 36 37 38 39 40 41 42 43 46 48 49
29 41 9 19 33 20 21 50 11 37 3 8 26 1 34 48 15 2 4 39 5 6 7 10 12 13 14 16 17 18 22 23 24 25 27 28 30 31 32 35 36 38 40 42 43 44 45 46 47 49
31 48 2 6 24 34 36 13 20 28 47 1 12 3 32 35 43 4 5 7 8 9 10 11 14 15 16 17 18 19 21 22 23 25 26 27 29 30 33 37 38 39 40 41 42 44 45 46 49 50
2 15 39 8 11 12 14 1 24 27 25 30 31 38 47 5 33 36 26 41 3 4 6 7 9 10 13 16 17 18 19 20 21 22 23 28 29 32 34 35 37 40 42 43 44 45 46 48 49 50
35 28 45 14 23 40 50 21 29 44 3 27 4 10 19 7 11 1 2 5 6 8 9 12 13 15 16 17 18 20 22 24 25 26 30 31 32 33 34 36 37 38 39 41 42 43 46 47 48 49
28 41 33 45 35 14 21 23 31 50 24 36 13 19 32 20 30 47 7 16 1 2 3 4 5 6 8 9 10 11 12 15 17 18 22 25 26 27 29 34 37 38 39 40 42 43 44 46 48 49
1 44 7 3 4 11 48 13 34 39 5 38 47 40 19 29 49 36 41 2 6 8 9 10 12 14 15 16 17 18 20 21 22 23 24 25 26 27 28 30 31 32 33 35 37 42 43 45 46 50
22 15 39 1 48 9 7 12 21 27 31 36 19 38 2 3 4 5 6 8 10 11 13 14 16 17 18 20 23 24 25 26 28 29 30 32 33 34 35 37 40 41 42 43 44 45 46 47 49 50
17 22 37 41 50 3 29 44 9 12 2 10 27 46 25 34 35 5 13 14 24 43 1 40 47 4 6 7 8 11 15 16 18 19 20 21 23 26 28 30 31 32 33 36 38 39 42 45 48 49
31 1 18 42 3 13 15 39 44 14 48 4 23 46 50 29 6 10 35 2 5 7 8 9 11 12 16 17 19 20 21 22 24 25 26 27 28 30 32 33 34 36 37 38 40 41 43 45 47 49
12 10 8 49 7 11 24 45 16 17 38 15 18 32 47 13 20 40 48 14 29 1 2 3 4 5 6 9 19 21 22 23 25 26 27 28 30 31 33 34 35 36 37 39 41 42 43 44 46 50
43 24 5 15 39 19 22 25 28 32 40 17 20 33 36 45 46 6 8 23 38 2 47 10 1 3 4 7 9 11 12 13 14 16 18 21 26 27 29 30 31 34 35 37 41 42 44 48 49 50
10 13 28 44 25 31 49 6 26 35 39 3 15 43 18 20 22 23 2 21 48 50 1 4 5 7 8 9 11 12 14 16 17 19 24 27 29 30 32 33 34 36 37 38 40 41 42 45 46 47
22 1 37 48 7 21 26 47 17 18 34 30 32 38 40 2 3 4 5 6 8 9 10 11 12 13 14 15 16 19 20 23 24 25 27 28 29 31 33 35 36 39 41 42 43 44 45 46 49 50
3 13 32 42 15 19 26 28 33 41 2 9 40 43 49 12 18 22 25 6 8 38 47 1 4 5 7 10 11 14 16 17 20 21 23 24 27 29 30 31 34 35 36 37 39 44 45 46 48 50
7 10 35 9 4 5 15 33 2 27 38 39 50 11 29 41 46 3 17 42 43 14 6 18 1 8 12 13 16 19 20 21 22 23 24 25 26 28 30 31 32 34 36 37 40 44 45 47 48 49
14 15 32 13 18 42 48 31 36 40 50 6 26 46 4 7 45 11 23 1 2 3 5 8 9 10 12 16 17 19 20 21 22 24 25 27 28 29 30 33 34 35 37 38 39 41 43 44 47 49
12 39 6 25 35 28 45 46 22 24 37 44 15 2 9 23 27 20 21 42 1 3 4 5 7 8 10 11 13 14 16 17 18 19 26 29 30 31 32 33 34 36 38 40 41 43 47 48 49 50
17 28 44 29 37 50 3 9 26 27 46 10 25 36 15 20 30 41 48 11 1 2 4 5 6 7 8 12 13 14 16 18 19 21 22 23 24 31 32 33 34 35 38 39 40 42 43 45 47 49
13 16 10 8 39 46 12 29 9 11 21 20 23 37 42 43 3 47 14 1 2 4 5 6 7 15 17 18 19 22 24 25 26 27 28 30 31 32 33 34 35 36 38 40 41 44 45 48 49 50
29 41 14 28 36 9 24 17 20 31 38 7 34 35 37 26 32 44 49 48 39 4 25 1 2 3 5 6 8 10 11 12 13 15 16 18 19 21 22 23 27 30 33 40 42 43 45 46 47 50
31 22 14 47 4 9 45 26 37 44 7 20 30 41 46 8 13 21 24 28 27 43 1 2 3 5 6 10 11 12 15 16 17 18 19 23 25 29 32 33 34 35 36 38 39 40 42 48 49 50
16 6 23 36 27 41 12 15 48 17 31 45 50 7 21 33 38 35 49 10 19 22 43 1 2 3 4 5 8 9 11 13 14 18 20 24 25 26 28 29 30 32 34 37 39 40 42 44 46 47
5 10 19 21 27 11 13 17 24 30 47 33 39 48 18 32 2 1 34 7 8 31 46 3 4 6 9 12 14 15 16 20 22 23 25 26 28 29 35 36 37 38 40 41 42 43 44 45 49 50
15 6 30 46 48 34 14 21 29 36 38 47 1 2 16 20 28 35 50 33 8 44 7 24 39 3 4 5 9 10 11 12 13 17 18 19 22 23 25 26 27 31 32 37 40 41 42 43 45 49
13 32 39 15 30 31 21 27 6 10 37 44 19 34 40 45 48 17 1 2 3 4 5 7 8 9 11 12 14 16 18 20 22 23 24 25 26 28 29 33 35 36 38 41 42 43 46 47 49 50
2 12 14 27 37 45 11 16 23 43 22 25 40 49 42 46 20 32 34 1 13 3 4 5 6 7 8 9 10 15 17 18 19 21 24 26 28 29 30 31 33 35 36 38 39 41 44 47 48 50
45 46 50 17 4 9 20 24 8 26 2 38 42 40 47 12 21 1 3 5 6 7 10 11 13 14 15 16 18 19 22 23 25 27 28 29 30 31 32 33 34 35 36 37 39 41 43 44 48 49
3 11 19 20 30 42 21 45 2 15 29 40 12 18 24 27 13 22 4 1 5 6 7 8 9 10 14 16 17 23 25 26 28 31 32 33 34 35 36 37 38 39 41 43 44 46 47 48 49 50
12 16 27 3 23 41 42 46 2 6 28 29 15 36 49 50 4 9 20 22 8 26 31 11 24 5 18 43 1 7 10 13 14 17 19 21 25 30 32 33 34 35 37 38 39 40 44 45 47 48
13 25 15 5 21 24 33 9 29 38 48 12 43 46 28 23 30 36 1 2 3 4 6 7 8 10 11 14 16 17 18 19 20 22 26 27 31 32 34 35 37 39 40 41 42 44 45 47 49 50
18 1 15 4 30 38 7 20 23 24 27 32 48 50 33 43 45 46 12 2 9 17 3 5 6 8 10 11 13 14 16 19 21 22 25 26 28 29 31 34 35 36 37 39 40 41 42 44 47 49
49 30 43 12 16 19 44 17 18 21 32 7 23 37 45 47 2 6 24 42 50 46 1 3 4 5 8 9 10 11 13 14 15 20 22 25 26 27 28 29 31 33 34 35 36 38 39 40 41 48
7 10 32 25 28 50 45 1 4 9 26 20 29 31 37 22 36 41 42 49 3 5 23 48 2 6 8 11 12 13 14 15 16 17 18 19 21 24 27 30 33 34 35 38 39 40 43 44 46 47
43 25 14 18 24 31 33 12 13 40 49 2 6 16 36 45 48 5 21 34 29 1 3 4 7 8 9 10 11 15 17 19 20 22 23 26 27 28 30 32 35 37 38 39 41 42 44 46 47 50
12 19 16 25 7 24 27 45 4 49 38 9 15 32 46 1 2 3 5 6 8 10 11 13 14 17 18 20 21 22 23 26 28 29 30 31 33 34 35 36 37 39 40 41 42 43 44 47 48 50
13 31 49 15 18 39 5 25 38 42 43 44 3 21 27 45 23 35 36 37 10 12 19 26 6 40 1 2 4 7 8 9 11 14 16 17 20 22 24 28 29 30 32 33 34 41 46 47 48 50
3 12 23 5 11 27 39 45 9 21 30 36 40 48 22 1 28 42 43 49 46 44 2 4 6 7 8 10 13 14 15 16 17 18 19 20 24 25 26 29 31 32 33 34 35 37 38 41 47 50
31 1 44 3 13 34 4 21 25 42 7 11 23 27 28 29 43 19 2 5 6 8 9 10 12 14 15 16 17 18 20 22 24 26 30 32 33 35 36 37 38 39 40 41 45 46 47 48 49 50
5 19 20 31 39 3 32 42 1 13 23 44 48 15 25 45 11 40 46 17 2 4 6 7 8 9 10 12 14 16 18 21 22 24 26 27 28 29 30 33 34 35 36 37 38 41 43 47 49 50
28 27 44 3 16 23 37 50 4 9 34 35 42 49 5 20 7 14 24 31 43 1 2 6 8 10 11 12 13 15 17 18 19 21 22 25 26 29 30 32 33 36 38 39 40 41 45 46 47 48
3 25 47 24 2 37 12 17 27 35 7 13 18 26 45 49 15 38 44 6 50 42 1 40 4 5 8 9 10 11 14 16 19 20 21 22 23 28 29 30 31 32 33 34 36 39 41 43 46 48
12 15 29 39 27 8 16 6 10 18 24 33 17 26 46 13 21 25 37 36 42 43 1 2 3 4 5 7 9 11 14 19 20 22 23 28 30 31 32 34 35 38 40 41 44 45 47 48 49 50
31 3 20 30 33 40 44 1 6 27 46 48 38 45 9 2 4 5 7 8 10 11 12 13 14 15 16 17 18 19 21 22 23 24 25 26 28 29 32 34 35 36 37 39 41 42 43 47 49 50
42 3 5 30 31 10 23 1 14 43 32 46 49 13 44 6 7 9 15 17 19 39 8 20 47 2 16 4 11 12 18 21 22 24 25 26 27 28 29 33 34 35 36 37 38 40 41 45 48 50
35 41 50 26 40 3 4 33 23 34 13 30 12 32 38 47 18 2 1 5 6 7 8 9 10 11 14 15 16 17 19 20 21 22 24 25 27 28 29 31 36 37 39 42 43 44 45 46 48 49
16 7 38 4 13 42 45 8 28 41 17 20 46 3 5 25 33 47 14 32 43 30 1 2 6 9 10 11 12 15 18 19 21 22 23 24 26 27 29 31 34 35 36 37 39 40 44 48 49 50
2 27 1 7 39 10 34 46 5 11 25 16 22 29 33 6 14 42 48 49 4 35 44 45 47 23 43 20 3 8 9 12 13 15 17 18 19 21 24 26 28 30 31 32 36 37 38 40 41 50
2 27 33 12 23 35 38 37 45 5 9 14 22 36 41 10 17 21 43 31 39 1 3 4 6 7 8 11 13 15 16 18 19 20 24 25 26 28 29 30 32 34 40 42 44 46 47 48 49 50
11 2 27 37 13 36 48 8 10 12 30 47 3 4 16 17 21 39 6 9 24 26 28 41 44 1 5 7 14 15 18 19 20 22 23 25 29 31 32 33 34 35 38 40 42 43 45 46 49 50
20 14 38 4 10 39 1 13 24 32 33 44 47 50 8 31 11 43 34 2 3 5 6 7 9 12 15 16 17 18 19 21 22 23 25 26 27 28 29 30 35 36 37 40 41 42 45 46 48 49
28 30 32 31 37 42 1 19 25 40 13 36 44 8 50 7 2 3 4 5 6 9 10 11 12 14 15 16 17 18 20 21 22 23 24 26 27 29 33 34 35 38 39 41 43 45 46 47 48 49
5 40 10 44 13 15 21 27 31 3 17 11 26 30 35 36 23 6 46 34 1 2 4 7 8 9 12 14 16 18 19 20 22 24 25 28 29 32 33 37 38 39 41 42 43 45 47 48 49 50
5 12 19 10 49 3 4 38 1 11 33 47 15 24 30 2 50 27 35 6 7 8 9 13 14 16 17 18 20 21 22 23 25 26 28 29 31 32 34 36 37 39 40 41 42 43 44 45 46 48
20 32 23 33 40 19 44 21 43 8 16 28 48 4 14 26 29 1 12 7 24 39 2 3 5 6 9 10 11 13 15 17 18 22 25 27 30 31 34 35 36 37 38 41 42 45 46 47 49 50
3 23 41 34 45 1 15 16 42 46 48 22 26 50 11 21 49 19 44 2 4 5 6 7 8 9 10 12 13 14 17 18 20 24 25 27 28 29 30 31 32 33 35 36 37 38 39 40 43 47
32 3 40 50 22 26 37 42 14 25 2 5 9 13 15 20 46 36 6 1 4 7 8 10 11 12 16 17 18 19 21 23 24 27 28 29 30 31 33 34 35 38 39 41 43 44 45 47 48 49
13 7 25 37 50 31 46 49 6 23 40 1 11 16 27 43 2 22 3 4 5 8 9 10 12 14 15 17 18 19 20 21 24 26 28 29 30 32 33 34 35 36 38 39 41 42 44 45 47 48
2 1 13 14 4 6 15 18 32 12 24 35 31 37 39 44 8 11 19 3 5 7 9 10 16 17 20 21 22 23 25 26 27 28 29 30 33 34 36 38 40 41 42 43 45 46 47 48 49 50
32 13 49 39 6 25 26 35 37 12 15 46 24 27 50 17 18 3 8 11 36 1 2 4 5 7 9 10 14 16 19 20 21 22 23 28 29 30 31 33 34 38 40 41 42 43 44 45 47 48
12 6 16 17 27 34 36 42 45 2 44 9 10 15 48 22 31 50 4 7 8 20 30 14 47 19 39 13 1 3 5 11 18 21 23 24 25 26 28 29 32 33 35 37 38 40 41 43 46 49
16 43 19 33 44 8 12 23 30 39 45 3 27 7 18 36 40 38 41 50 1 2 4 5 6 9 10 11 13 14 15 17 20 21 22 24 25 26 28 29 31 32 34 35 37 42 46 47 48 49
23 28 44 50 8 26 46 15 22 35 14 18 24 47 40 1 2 3 4 5 6 7 9 10 11 12 13 16 17 19 20 21 25 27 29 30 31 32 33 34 36 37 38 39 41 42 43 45 48 49
10 4 30 43 1 13 15 33 45 49 6 9 22 24 31 40 42 48 20 29 2 3 5 7 8 11 12 14 16 17 18 19 21 23 25 26 27 28 32 34 35 36 37 38 39 41 44 46 47 50
12 37 3 23 27 41 2 45 50 9 28 29 49 4 7 15 26 31 30 33 19 25 1 5 6 8 10 11 13 14 16 17 18 20 21 22 24 32 34 35 36 38 39 40 42 43 44 46 47 48
19 12 47 16 38 21 27 30 35 7 8 39 40 17 1 26 31 2 3 4 5 6 9 10 11 13 14 15 18 20 22 23 24 25 28 29 32 33 34 36 37 41 42 43 44 45 46 48 49 50
14 29 41 24 9 19 40 50 3 38 16 21 37 26 35 46 10 12 13 6 1 2 4 5 7 8 11 15 17 18 20 22 23 25 27 28 30 31 32 33 34 36 39 42 43 44 45 47 48 49
10 4 31 13 5 20 25 7 1 3 34 2 33 41 45 28 47 6 8 9 11 12 14 15 16 17 18 19 21 22 23 24 26 27 29 30 32 35 36 37 38 39 40 42 43 44 46 48 49 50
20 32 40 49 10 14 50 12 29 9 24 27 41 18 47 1 2 3 4 5 6 7 8 11 13 15 16 17 19 21 22 23 25 26 28 30 31 33 34 35 36 37 38 39 42 43 44 45 46 48
5 19 12 31 49 1 18 21 44 8 20 33 39 42 13 30 38 47 48 24 25 37 50 2 7 3 4 6 9 10 11 14 15 16 17 22 23 26 27 28 29 32 34 35 36 40 41 43 45 46
29 33 50 11 20 37 7 17 27 30 35 49 26 13 47 15 1 2 3 4 5 6 8 9 10 12 14 16 18 19 21 22 23 24 25 28 31 32 34 36 38 39 40 41 42 43 44 45 46 48
1 2 13 14 31 36 43 10 17 27 34 49 7 22 33 45 8 21 23 29 38 42 35 18 3 4 5 6 9 11 12 15 16 19 20 24 25 26 28 30 32 37 39 40 41 44 46 47 48 50
32 49 15 31 40 21 27 44 13 20 35 43 5 25 30 6 7 42 28 9 14 17 36 37 19 47 16 1 2 3 4 8 10 11 12 18 22 23 24 26 29 33 34 38 39 41 45 46 48 50
13 10 7 28 50 1 35 4 15 26 31 41 44 12 17 20 29 40 30 36 43 47 2 11 3 5 6 8 9 14 16 18 19 21 22 23 24 25 27 32 33 34 37 38 39 42 45 46 48 49
2 33 3 12 8 27 17 16 19 25 22 23 24 26 30 34 46 13 21 28 31 1 4 5 6 7 9 10 11 14 15 18 20 29 32 35 36 37 38 39 40 41 42 43 44 45 47 48 49 50
30 41 10 19 36 12 17 20 21 23 31 32 33 49 4 26 42 38 39 2 7 11 29 46 48 16 37 1 3 5 6 8 9 13 14 15 18 22 24 25 27 28 34 35 40 43 44 45 47 50
15 39 7 8 37 11 22 25 29 12 14 26 40 24 3 5 6 18 49 28 1 2 4 9 10 13 16 17 19 20 21 23 27 30 31 32 33 34 35 36 38 41 42 43 44 45 46 47 48 50
10 13 7 25 15 46 45 5 8 49 35 37 34 31 1 41 2 3 4 6 9 11 12 14 16 17 18 19 20 21 22 23 24 26 27 28 29 30 32 33 36 38 39 40 42 43 44 47 48 50
42 34 21 5 14 41 49 3 50 6 25 32 11 30 38 7 17 26 40 37 8 1 2 4 9 10 12 13 15 16 18 19 20 22 23 24 27 28 29 31 33 35 36 39 43 44 45 46 47 48
23 16 3 15 29 31 12 21 47 9 10 14 22 28 8 33 35 43 32 1 2 4 5 6 7 11 13 17 18 19 20 24 25 26 27 30 34 36 37 38 39 40 41 42 44 45 46 48 49 50
15 36 6 9 14 12 31 37 47 3 4 13 44 17 29 30 34 21 23 32 42 33 1 2 5 7 8 10 11 16 18 19 20 22 24 25 26 27 28 35 38 39 40 41 43 45 46 48 49 50
1 42 5 30 37 32 39 14 8 21 23 2 40 41 3 4 6 7 9 10 11 12 13 15 16 17 18 19 20 22 24 25 26 27 28 29 31 33 34 35 36 38 43 44 45 46 47 48 49 50
7 16 45 10 13 4 5 35 2 33 38 26 49 50 30 42 44 1 3 6 8 9 11 12 14 15 17 18 19 20 21 22 23 24 25 27 28 29 31 32 34 36 37 39 40 41 43 46 47 48
38 19 33 21 14 17 40 41 8 12 43 18 45 26 44 47 48 28 32 34 36 46 49 1 2 3 4 5 6 7 9 10 11 13 15 16 20 22 23 24 25 27 29 30 31 35 37 39 42 50
31 42 20 30 39 3 18 19 25 33 37 48 6 11 12 16 22 32 21 35 4 9 1 2 5 7 8 10 13 14 15 17 23 24 26 27 28 29 34 36 38 40 41 43 44 45 46 47 49 50
15 3 31 46 14 34 41 29 42 17 18 22 20 30 35 49 39 1 2 4 5 6 7 8 9 10 11 12 13 16 19 21 23 24 25 26 27 28 32 33 36 37 38 40 43 44 45 47 48 50
20 23 38 17 33 21 50 43 44 47 2 4 30 3 13 24 35 1 5 6 7 8 9 10 11 12 14 15 16 18 19 22 25 26 27 28 29 31 32 34 36 37 39 40 41 42 45 46 48 49
14 15 28 32 1 6 13 18 39 48 31 34 2 40 8 12 36 41 50 9 21 16 27 3 4 5 7 10 11 17 19 20 22 23 24 25 26 29 30 33 35 37 38 42 43 44 45 46 47 49
3 12 33 8 19 36 45 2 16 49 14 24 35 37 4 26 28 29 43 31 41 1 5 6 7 9 10 11 13 15 17 18 20 21 22 23 25 27 30 32 34 38 39 40 42 44 46 47 48 50
16 23 36 41 3 27 29 42 14 15 20 28 38 45 47 30 32 33 44 1 11 18 24 5 2 4 6 7 8 9 10 12 13 17 19 21 22 25 26 31 34 35 37 39 40 43 46 48 49 50
22 15 24 45 48 27 34 35 39 9 13 26 47 10 46 11 30 5 32 14 28 1 2 3 4 6 7 8 12 16 17 18 19 20 21 23 25 29 31 33 36 37 38 40 41 42 43 44 49 50
35 4 7 29 50 9 45 10 20 25 26 27 28 34 24 36 40 33 39 23 32 1 2 3 5 6 8 11 12 13 14 15 16 17 18 19 21 22 30 31 37 38 41 42 43 44 46 47 48 49
2 8 15 48 3 22 39 46 7 6 13 17 11 35 38 23 33 42 43 1 4 5 9 10 12 14 16 18 19 20 21 24 25 26 27 28 29 30 31 32 34 36 37 40 41 44 45 47 49 50
2 48 24 1 13 22 28 30 46 9 32 36 42 43 47 49 20 23 35 37 8 10 17 50 38 3 4 5 6 7 11 12 14 15 16 18 19 21 25 26 27 29 31 33 34 39 40 41 44 45
41 28 6 14 22 40 45 3 9 21 47 50 23 46 2 38 39 5 37 13 32 8 1 4 7 10 11 12 15 16 17 18 19 20 24 25 26 27 29 30 31 33 34 35 36 42 43 44 48 49
5 19 20 21 10 4 48 11 47 18 30 36 42 24 43 7 41 1 2 3 6 8 9 12 13 14 15 16 17 22 23 25 26 27 28 29 31 32 33 34 35 37 38 39 40 44 45 46 49 50
14 31 3 20 30 33 44 49 12 8 43 2 15 34 47 6 32 7 35 50 41 1 4 5 9 10 11 13 16 17 18 19 21 22 23 24 25 26 27 28 29 36 37 38 39 40 42 45 46 48
5 12 19 38 1 24 49 20 21 42 3 4 44 8 10 15 18 23 7 26 37 40 34 2 6 9 11 13 14 16 17 22 25 27 28 29 30 31 32 33 35 36 39 41 43 45 46 47 48 50
23 40 5 14 21 41 42 46 49 28 3 15 27 19 29 33 43 37 47 1 2 4 6 7 8 9 10 11 12 13 16 17 18 20 22 24 25 26 30 31 32 34 35 36 38 39 44 45 48 50
15 27 34 1 36 8 10 39 7 17 31 3 19 22 4 16 38 40 43 45 23 26 41 32 44 2 5 6 9 11 12 13 14 18 20 21 24 25 28 29 30 33 35 37 42 46 47 48 49 50
19 14 33 38 41 43 8 25 40 10 11 29 32 50 3 4 30 44 9 16 48 2 22 35 1 5 6 7 12 13 15 17 18 20 21 23 24 26 27 28 31 34 36 37 39 42 45 46 47 49
20 12 38 40 50 10 16 21 23 45 8 11 18 26 28 32 48 25 41 43 27 1 2 3 4 5 6 7 9 13 14 15 17 19 22 24 29 30 31 33 34 35 36 37 39 42 44 46 47 49
3 12 19 47 8 16 37 11 24 27 30 38 49 21 29 35 39 48 43 13 20 26 41 44 1 2 4 5 6 7 9 10 14 15 17 18 22 23 25 28 31 32 33 34 36 40 42 45 46 50
29 27 3 9 8 15 33 7 46 47 11 23 38 48 30 40 49 50 31 1 2 4 5 6 10 12 13 14 16 17 18 19 20 21 22 24 25 26 28 32 34 35 36 37 39 41 42 43 44 45
20 23 29 33 14 40 41 8 27 28 37 47 42 3 7 11 12 24 30 34 49 10 22 31 1 2 4 5 6 9 13 15 16 17 18 19 21 25 26 32 35 36 38 39 43 44 45 46 48 50
27 29 23 37 50 6 8 9 17 26 3 4 34 35 46 49 15 20 30 48 21 33 10 11 1 2 5 7 12 13 14 16 18 19 22 24 25 28 31 32 36 38 39 40 41 42 43 44 45 47
5 16 2 13 21 33 17 25 37 49 12 27 10 29 42 45 23 32 44 6 26 31 46 1 3 4 7 8 9 11 14 15 18 19 20 22 24 28 30 34 35 36 38 39 40 41 43 47 48 50
2 10 13 46 4 45 15 7 25 29 32 3 24 36 8 11 44 28 30 1 5 6 9 12 14 16 17 18 19 20 21 22 23 26 27 31 33 34 35 37 38 39 40 41 42 43 47 48 49 50
15 24 8 27 34 48 4 6 7 17 18 36 37 33 49 10 11 31 14 32 38 1 50 2 3 5 9 12 13 16 19 20 21 22 23 25 26 28 29 30 35 39 40 41 42 43 44 45 46 47
2 8 24 27 33 36 9 11 17 34 15 37 49 7 26 23 32 35 38 43 31 40 44 50 1 3 4 5 6 10 12 13 14 16 18 19 20 21 22 25 28 29 30 39 41 42 45 46 47 48
31 42 13 25 39 14 18 22 26 44 9 15 50 48 49 7 12 23 37 43 27 29 45 1 2 3 4 5 6 8 10 11 16 17 19 20 21 24 28 30 32 33 34 35 36 38 40 41 46 47
18 50 24 28 46 22 34 3 40 8 23 26 37 39 44 49 29 1 2 4 5 6 7 9 10 11 12 13 14 15 16 17 19 20 21 25 27 30 31 32 33 35 36 38 41 42 43 45 47 48
28 35 40 23 33 41 42 13 32 21 22 29 44 45 27 38 16 34 47 48 49 43 18 1 2 3 4 5 6 7 8 9 10 11 12 14 15 17 19 20 24 25 26 30 31 36 37 39 46 50
31 15 48 3 22 44 50 40 7 28 9 30 37 10 26 38 47 11 29 35 1 2 4 5 6 8 12 13 14 16 17 18 19 20 21 23 24 25 27 32 33 34 36 39 41 42 43 45 46 49
6 31 41 23 34 3 25 22 46 48 10 30 38 16 18 12 24 11 1 2 4 5 7 8 9 13 14 15 17 19 20 21 26 27 28 29 32 33 35 36 37 39 40 42 43 44 45 47 49 50
42 12 14 20 25 30 44 48 38 43 46 18 22 23 7 21 45 50 34 47 26 1 2 3 4 5 6 8 9 10 11 13 15 16 17 19 24 27 28 29 31 32 33 35 36 37 39 40 41 49
15 39 34 3 13 31 37 7 44 45 47 49 9 16 20 29 30 36 46 6 19 24 41 35 23 1 2 4 5 8 10 11 12 14 17 18 21 22 25 26 27 28 32 33 38 40 42 43 48 50
38 41 16 29 42 1 12 10 14 30 36 45 48 17 21 40 25 2 5 37 3 4 6 7 8 9 11 13 15 18 19 20 22 23 24 26 27 28 31 32 33 34 35 39 43 44 46 47 49 50
3 23 31 42 1 12 34 50 35 20 22 26 33 46 49 5 8 18 45 4 2 6 7 9 10 11 13 14 15 16 17 19 21 24 25 27 28 29 30 32 36 37 38 39 40 41 43 44 47 48
2 46 7 29 39 27 37 16 25 33 12 32 36 40 6 17 26 42 47 19 1 3 4 5 8 9 10 11 13 14 15 18 20 21 22 23 24 28 30 31 34 35 38 41 43 44 45 48 49 50
32 31 42 14 9 15 25 39 44 22 24 30 41 46 7 36 40 37 38 17 1 2 3 4 5 6 8 10 11 12 13 16 18 19 20 21 23 26 27 28 29 33 34 35 43 45 47 48 49 50
38 23 36 41 42 14 48 6 9 40 26 27 50 11 19 37 47 13 7 39 1 2 3 4 5 8 10 12 15 16 17 18 20 21 22 24 25 28 29 30 31 32 33 34 35 43 44 45 46 49
31 34 42 3 5 14 23 10 13 21 30 39 41 25 35 43 24 27 46 4 29 33 12 28 1 2 6 7 8 9 11 15 16 17 18 19 20 22 26 32 36 37 38 40 44 45 47 48 49 50
19 3 16 25 35 11 27 29 38 45 8 23 30 39 22 18 20 1 2 4 5 6 7 9 10 12 13 14 15 17 21 24 26 28 31 32 33 34 36 37 40 41 42 43 44 46 47 48 49 50
5 20 14 33 40 41 17 29 43 44 45 18 27 10 25 26 31 46 6 22 1 2 3 4 7 8 9 11 12 13 15 16 19 21 23 24 28 30 32 34 35 36 37 38 39 42 47 48 49 50
31 24 5 15 30 37 42 49 1 18 25 44 20 36 45 46 16 35 9 11 2 3 4 6 7 8 10 12 13 14 17 19 21 22 23 26 27 28 29 32 33 34 38 39 40 41 43 47 48 50
31 18 1 30 11 20 39 2 3 44 48 6 40 37 42 46 47 24 13 27 10 22 25 28 4 5 7 8 9 12 14 15 16 17 19 21 23 26 29 32 33 34 35 36 38 41 43 45 49 50
10 45 46 47 32 14 29 33 49 24 40 9 16 1 2 3 4 5 6 7 8 11 12 13 15 17 18 19 20 21 22 23 25 26 27 28 30 31 34 35 36 37 38 39 41 42 43 44 48 50
31 15 22 44 48 50 40 32 46 9 23 30 37 45 2 38 41 13 36 1 3 4 5 6 7 8 10 11 12 14 16 17 18 19 20 21 24 25 26 27 28 29 33 34 35 39 42 43 47 49
2 3 7 17 36 45 27 49 24 39 46 13 26 35 1 9 28 6 20 44 4 5 8 10 11 12 14 15 16 18 19 21 22 23 25 29 30 31 32 33 34 37 38 40 41 42 43 47 48 50
29 16 27 23 38 41 33 46 19 35 40 50 9 48 21 22 30 31 37 44 39 1 2 3 4 5 6 7 8 10 11 12 13 14 15 17 18 20 24 25 26 28 32 34 36 42 43 45 47 49
27 28 35 14 41 33 45 5 17 26 42 3 8 37 50 4 20 21 48 10 11 13 18 39 43 46 1 2 6 7 9 12 15 16 19 22 23 24 25 29 30 31 32 34 36 38 40 44 47 49
28 26 34 50 10 4 17 22 25 32 23 39 42 47 6 20 27 11 12 24 1 2 3 5 7 8 9 13 14 15 16 18 19 21 29 30 31 33 35 36 37 38 40 41 43 44 45 46 48 49
5 14 38 16 17 20 30 43 48 26 37 11 40 10 18 24 27 31 36 4 49 1 2 3 6 7 8 9 12 13 15 19 21 22 23 25 28 29 32 33 34 35 39 41 42 44 45 46 47 50
29 24 3 15 33 45 8 39 35 46 37 48 34 36 1 6 30 2 4 5 7 9 10 11 12 13 14 16 17 18 19 20 21 22 23 25 26 27 28 31 32 38 40 41 42 43 44 47 49 50
3 17 10 39 1 42 43 18 30 31 5 23 26 32 35 49 7 37 46 48 9 11 24 4 16 27 2 6 8 12 13 14 15 19 20 21 22 25 28 29 33 34 36 38 40 41 44 45 47 50
15 37 48 1 14 22 8 24 31 3 12 13 39 47 18 29 30 45 11 25 26 44 41 2 4 5 6 7 9 10 16 17 19 20 21 23 27 28 32 33 34 35 36 38 40 42 43 46 49 50
18 49 15 1 39 13 30 42 3 5 32 38 40 43 33 11 22 28 37 46 48 36 9 2 4 6 7 8 10 12 14 16 17 19 20 21 23 24 25 26 27 29 31 34 35 41 44 45 47 50
27 16 23 35 28 41 7 33 42 50 32 34 48 25 1 18 2 3 4 5 6 8 9 10 11 12 13 14 15 17 19 20 21 22 24 26 29 30 31 36 37 38 39 40 43 44 45 46 47 49
6 15 18 22 34 44 48 3 45 7 40 50 28 37 5 39 11 25 26 20 21 33 17 1 2 4 8 9 10 12 13 14 16 19 23 24 27 29 30 31 32 35 36 38 41 42 43 46 47 49
5 16 37 14 21 29 30 38 2 48 7 17 24 36 18 10 32 34 50 1 3 4 6 8 9 11 12 13 15 19 20 22 23 25 26 27 28 31 33 35 39 40 41 42 43 44 45 46 47 49
5 27 37 8 19 36 45 7 34 35 26 28 46 49 6 15 48 40 42 1 2 3 4 9 10 11 12 13 14 16 17 18 20 21 22 23 24 25 29 30 31 32 33 38 39 41 43 44 47 50
5 3 21 4 13 14 33 39 19 27 30 43 12 15 18 25 31 35 42 6 47 26 1 2 7 8 9 10 11 16 17 20 22 23 24 28 29 32 34 36 37 38 40 41 44 45 46 48 49 50
29 28 42 22 7 26 38 46 14 16 21 33 37 5 20 36 43 1 47 2 3 4 6 8 9 10 11 12 13 15 17 18 19 23 24 25 27 30 31 32 34 35 39 40 41 44 45 48 49 50
14 28 41 9 23 20 37 38 40 8 21 45 3 30 34 13 48 1 10 17 18 25 2 4 5 6 7 11 12 15 16 19 22 24 26 27 29 31 32 33 35 36 39 42 43 44 46 47 49 50
32 42 3 14 18 37 1 40 43 2 11 17 24 39 46 4 34 10 21 41 45 5 6 7 8 9 12 13 15 16 19 20 22 23 25 26 27 28 29 30 31 33 35 36 38 44 47 48 49 50
22 39 48 12 13 8 24 31 37 47 18 44 11 25 38 49 29 32 17 1 2 3 4 5 6 7 9 10 14 15 16 19 20 21 23 26 27 28 30 33 34 35 36 40 41 42 43 45 46 50
1 31 18 42 49 23 39 41 44 14 20 21 43 6 10 19 25 37 12 48 50 4 9 29 22 45 2 3 5 7 8 11 13 15 16 17 24 26 27 28 30 32 33 34 35 36 38 40 46 47
5 13 30 36 25 45 12 18 21 31 4 33 47 7 11 34 48 9 15 50 26 37 1 2 3 6 8 10 14 16 17 19 20 22 23 24 27 28 29 32 35 38 39 40 41 42 43 44 46 49
35 16 7 27 2 8 24 4 9 15 26 34 17 47 50 11 36 14 41 43 49 1 3 5 6 10 12 13 18 19 20 21 22 23 25 28 29 30 31 32 33 37 38 39 40 42 44 45 46 48
39 3 15 22 31 43 30 19 32 35 37 44 49 6 40 11 12 16 9 47 41 1 2 4 5 7 8 10 13 14 17 18 20 21 23 24 25 26 27 28 29 33 34 36 38 42 45 46 48 50
5 33 13 27 4 7 10 17 2 11 35 9 32 39 49 8 20 26 34 36 48 47 1 19 23 31 37 18 3 6 12 14 15 16 21 22 24 25 28 29 30 38 40 41 42 43 44 45 46 50
19 20 33 40 38 45 12 17 27 3 5 18 9 28 47 7 42 44 48 50 1 2 4 6 8 10 11 13 14 15 16 21 22 23 24 25 26 29 30 31 32 34 35 36 37 39 41 43 46 49
22 18 48 42 9 46 7 8 26 44 47 4 23 39 40 10 16 29 38 17 25 11 19 1 2 3 5 6 12 13 14 15 20 21 24 27 28 30 31 32 33 34 35 36 37 41 43 45 49 50
50 5 19 32 20 15 40 1 3 9 14 33 36 38 44 2 48 28 46 4 6 7 8 10 11 12 13 16 17 18 21 22 23 24 25 26 27 29 30 31 34 35 37 39 41 42 43 45 47 49
18 27 30 31 32 39 42 7 10 14 20 33 43 48 50 41 24 45 29 47 1 2 3 4 5 6 8 9 11 12 13 15 16 17 19 21 22 23 25 26 28 34 35 36 37 38 40 44 46 49
31 43 30 37 42 3 19 32 44 49 15 36 18 39 35 38 41 45 48 1 2 4 5 6 7 8 9 10 11 12 13 14 16 17 20 21 22 23 24 25 26 27 28 29 33 34 40 46 47 50
28 33 41 42 23 31 4 21 32 19 38 49 3 12 17 34 36 10 37 2 5 1 6 7 8 9 11 13 14 15 16 18 20 22 24 25 26 27 29 30 35 39 40 43 44 45 46 47 48 50
19 25 16 32 11 20 35 15 45 27 28 37 39 42 34 1 2 3 4 5 6 7 8 9 10 12 13 14 17 18 21 22 23 24 26 29 30 31 33 36 38 40 41 43 44 46 47 48 49 50
13 22 2 10 25 1 14 4 7 18 24 46 48 17 43 21 34 26 33 3 5 6 8 9 11 12 15 16 19 20 23 27 28 29 30 31 32 35 36 37 38 39 40 41 42 44 45 47 49 50
10 18 41 14 3 25 28 50 5 6 39 43 23 26 35 19 11 27 36 1 2 4 7 8 9 12 13 15 16 17 20 21 22 24 29 30 31 32 33 34 37 38 40 42 44 45 46 47 48 49
49 5 13 20 36 10 39 42 3 14 17 21 31 33 43 44 24 28 34 45 4 26 46 48 1 2 6 7 8 9 11 12 15 16 18 19 22 23 25 27 29 30 32 35 37 38 40 41 47 50
28 29 41 23 42 45 20 40 11 17 7 24 26 38 47 10 22 30 49 18 2 6 12 44 46 1 3 4 5 8 9 13 14 15 16 19 21 25 27 31 32 33 34 35 36 37 39 43 48 50
28 29 27 44 3 16 17 23 26 37 41 4 9 6 34 42 49 36 10 11 1 13 2 5 7 8 12 14 15 18 19 20 21 22 24 25 30 31 32 33 35 38 39 40 43 45 46 47 48 50
33 10 25 43 5 32 39 2 21 35 46 8 9 12 15 22 48 20 24 29 38 40 3 28 41 47 1 4 6 7 11 13 14 16 17 18 19 23 26 27 30 31 34 36 37 42 44 45 49 50
41 40 28 45 9 34 42 47 3 26 4 14 25 31 43 20 27 36 48 11 46 1 2 5 6 7 8 10 12 13 15 16 17 18 19 21 22 23 24 29 30 32 33 35 37 38 39 44 49 50
34 14 18 32 10 13 21 1 25 50 5 30 31 39 46 6 26 29 4 17 19 38 49 11 2 3 7 8 9 12 15 16 20 22 23 24 27 28 33 35 36 37 40 41 42 43 44 45 47 48
25 44 40 16 20 21 33 27 42 48 11 23 38 7 9 2 26 1 3 4 5 6 8 10 12 13 14 15 17 18 19 22 24 28 29 30 31 32 34 35 36 37 39 41 43 45 46 47 49 50
49 10 4 16 17 33 11 32 39 3 12 27 18 1 23 34 35 37 9 14 46 41 2 5 6 7 8 13 15 19 20 21 22 24 25 26 28 29 30 31 36 38 40 42 43 44 45 47 48 50
49 27 4 5 31 1 15 10 38 39 42 43 3 14 33 35 11 19 40 46 50 8 41 16 2 6 7 9 12 13 17 18 20 21 22 23 24 25 26 28 29 30 32 34 36 37 44 45 47 48
37 2 7 10 16 25 36 1 15 27 29 40 19 42 8 11 4 21 41 35 3 5 6 9 12 13 14 17 18 20 22 23 24 26 28 30 31 32 33 34 38 39 43 44 45 46 47 48 49 50
12 3 17 41 42 9 26 44 23 50 31 35 5 7 34 48 18 25 39 21 33 40 43 1 2 4 6 8 10 11 13 14 15 16 19 20 22 24 27 28 29 30 32 36 37 38 45 46 47 49
41 50 13 10 4 9 18 39 43 44 29 6 35 19 37 1 2 3 5 7 8 11 12 14 15 16 17 20 21 22 23 24 25 26 27 28 30 31 32 33 34 36 38 40 42 45 46 47 48 49
24 15 30 31 1 46 47 4 9 34 39 44 45 23 33 50 5 19 26 27 10 40 2 3 6 7 8 11 12 13 14 16 17 18 20 21 22 25 28 29 32 35 36 37 38 41 42 43 48 49
32 5 13 18 20 36 10 15 27 30 33 21 23 25 29 7 9 12 2 17 45 48 35 43 24 1 3 4 6 8 11 14 16 19 22 26 28 31 34 37 38 39 40 41 42 44 46 47 49 50
1 26 50 10 32 41 9 14 25 42 29 34 40 45 7 20 22 30 43 18 48 27 16 2 3 4 5 6 8 11 12 13 15 17 19 21 23 24 28 31 33 35 36 37 38 39 44 46 47 49
19 40 50 32 33 38 12 4 42 9 18 30 13 27 36 45 49 3 15 31 1 2 5 6 7 8 10 11 14 16 17 20 21 22 23 24 25 26 28 29 34 35 37 39 41 43 44 46 47 48
19 3 2 11 25 37 47 5 27 36 45 8 9 14 34 7 22 23 48 13 20 50 1 4 6 10 12 15 16 17 18 21 24 26 28 29 30 31 32 33 35 38 39 40 41 42 43 44 46 49
45 7 13 25 10 15 16 46 24 8 20 27 39 3 14 37 38 5 33 42 11 12 23 6 1 2 4 9 17 18 19 21 22 26 28 29 30 31 32 34 35 36 40 41 43 44 47 48 49 50
33 20 19 21 38 40 8 29 45 9 30 43 7 34 39 46 37 1 2 3 4 5 6 10 11 12 13 14 15 16 17 18 22 23 24 25 26 27 28 31 32 35 36 41 42 44 47 48 49 50
23 47 33 37 3 17 25 27 39 24 30 7 16 20 22 45 13 29 31 35 42 6 9 43 28 1 2 4 5 8 10 11 12 14 15 18 19 21 26 32 34 36 38 40 41 44 46 48 49 50
13 32 45 15 24 31 35 28 37 43 49 5 11 29 8 17 27 34 1 2 3 4 6 7 9 10 12 14 16 18 19 20 21 22 23 25 26 30 33 36 38 39 40 41 42 44 46 47 48 50
41 42 6 14 18 28 46 9 17 25 40 22 43 47 33 48 7 16 29 1 2 3 4 5 8 10 11 12 13 15 19 20 21 23 24 26 27 30 31 32 34 35 36 37 38 39 44 45 49 50
10 16 32 33 43 12 19 21 4 30 39 8 11 15 17 48 49 37 29 1 2 3 5 6 7 9 13 14 18 20 22 23 24 25 26 27 28 31 34 35 36 38 40 41 42 44 45 46 47 50
13 16 45 4 9 29 8 20 24 32 26 28 2 36 11 21 34 39 41 44 47 6 49 1 3 5 7 10 12 14 15 17 18 19 22 23 25 27 30 31 33 35 37 38 40 42 43 46 48 50
32 10 20 13 21 43 19 27 30 1 14 35 38 40 42 48 36 8 25 50 6 26 2 3 4 5 7 9 11 12 15 16 17 18 22 23 24 28 29 31 33 34 37 39 41 44 45 46 47 49
7 8 21 46 22 34 30 47 6 18 38 16 43 4 14 40 49 1 2 3 5 9 10 11 12 13 15 17 19 20 23 24 25 26 27 28 29 31 32 33 35 36 37 39 41 42 44 45 48 50
31 3 20 11 30 42 48 1 6 44 46 49 24 33 37 41 28 29 40 43 13 50 17 47 2 4 5 7 8 9 10 12 14 15 16 18 19 21 22 23 25 26 27 32 34 35 36 38 39 45
19 31 2 20 21 33 48 1 14 40 38 39 4 15 22 27 43 8 9 3 5 6 7 10 11 12 13 16 17 18 23 24 25 26 28 29 30 32 34 35 36 37 41 42 44 45 46 47 49 50
19 3 6 44 38 5 11 30 48 49 2 40 21 33 47 24 27 37 7 12 14 17 28 32 1 4 8 9 10 13 15 16 18 20 22 23 25 26 29 31 34 35 36 39 41 42 43 45 46 50
32 10 25 45 4 35 8 9 2 24 38 21 46 20 22 29 40 43 48 11 49 50 23 31 1 3 5 6 7 12 13 14 15 16 17 18 19 26 27 28 30 33 34 36 37 39 41 42 44 47
25 2 46 6 10 3 35 1 4 12 43 47 49 11 48 41 44 50 5 7 8 9 13 14 15 16 17 18 19 20 21 22 23 24 26 27 28 29 30 31 32 33 34 36 37 38 39 40 42 45
31 1 5 49 21 30 33 44 20 40 43 23 37 42 47 48 4 6 15 22 24 25 45 10 17 2 3 7 8 9 11 12 13 14 16 18 19 26 27 28 29 32 34 35 36 38 39 41 46 50
1 15 10 14 31 46 12 16 29 34 36 37 3 8 21 42 48 49 17 24 19 32 38 9 2 4 5 6 7 11 13 18 20 22 23 25 26 27 28 30 33 35 39 40 41 43 44 45 47 50
2 10 13 16 29 3 27 33 7 24 25 1 4 34 35 5 21 23 41 30 6 8 9 11 12 14 15 17 18 19 20 22 26 28 31 32 36 37 38 39 40 42 43 44 45 46 47 48 49 50
34 1 50 3 10 14 26 28 6 18 22 40 2 20 33 49 4 8 12 19 5 7 9 11 13 15 16 17 21 23 24 25 27 29 30 31 32 35 36 37 38 39 41 42 43 44 45 46 47 48
30 31 13 42 49 3 15 43 44 32 33 41 7 25 27 11 19 24 26 48 9 37 1 2 4 5 6 8 10 12 14 16 17 18 20 21 22 23 28 29 34 35 36 38 39 40 45 46 47 50
10 4 28 35 7 13 20 22 25 29 37 15 34 36 44 46 1 14 49 2 3 5 6 8 9 11 12 16 17 18 19 21 23 24 26 27 30 31 32 33 38 39 40 41 42 43 45 47 48 50
